<?xml version="1.0"?>
<opencv_storage>
<K type_id="opencv-matrix">
  <rows>3</rows>
  <cols>3</cols>
  <dt>d</dt>
  <data>
    9.3417345567688449e+02 0. 4.7752586047820773e+02 0.
    9.2614067106278651e+02 3.6706079611236623e+02 0. 0. 1.</data></K>
<dist type_id="opencv-matrix">
  <rows>1</rows>
  <cols>5</cols>
  <dt>d</dt>
  <data>
    -2.2265680834430656e-02 3.6431374605966030e-02
    -1.8205084289519818e-03 -1.0386238985010286e-03
    -8.2742931076281792e-02</data></dist>
</opencv_storage>
